1 0.7821424625 0.242980234375 0.5898970593749999 0.02766383125 0.4358261609375 0.012987165625 0.4081551109375 0.0937620546875 0.555577340625 0.2975685484375 0.5625932890625001 0.4314408296875 0.65821145 0.42948187656250003 0.73870473125 0.3418717828125 0.7821424625 0.242980234375
1 0.9237647359375 0.857952428125 0.8341590343749999 0.6846765609375 0.625673790625 0.620345003125 0.5208583140624999 0.6207538484375 0.498927778125 0.695126196875 0.58055861875 0.7742397234375 0.739948278125 0.8584319624999999 0.902552728125 0.9170315453125 0.9237647359375 0.857952428125
1 0.5454204375 0.338988884375 0.4418322078125 0.243527446875 0.33045327812499997 0.2056326375 0.1912380078125 0.303441978125 0.25006424374999997 0.46917705156249995 0.3984197921875 0.4878436375 0.543003475 0.49246971874999995 0.570940390625 0.4167678671875 0.5454204375 0.338988884375
1 0.0382477796875 0.71825201875 0.024955553125 0.812511525 0.18049071562500002 0.8521591125000001 0.4094221796875 0.8137197515624999 0.4412448515625 0.7437263578125 0.36285057656249997 0.6788683125 0.0382477796875 0.71825201875
1 0.54116889375 0.370529284375 0.5342825343750001 0.4420784109375 0.820124925 0.4748968859375 0.9896964593750001 0.43448414687500003 0.9887162109375 0.3287692375 0.8638836296875001 0.32412276875 0.6880637000000001 0.33231970624999996 0.54116889375 0.370529284375
1 0.5856677390625 0.34989211249999996 0.5867604125 0.28373092187500004 0.565016975 0.21673173281250002 0.48883322968750004 0.154620425 0.40352877343750004 0.0634933640625 0.40174719843749995 0.0585024296875 0.401800371875 0.0595170375 0.4015696875 0.059149942187500006 0.3464840859375 0.0186867796875 0.25238177500000003 0.0205662890625 0.21008975 0.054308592187500004 0.2187791625 0.1331779125 0.289620090625 0.2382837609375 0.3155133765625 0.2684526234375 0.5433757156250001 0.383634415625 0.5856677390625 0.34989211249999996
1 0.9259310624999999 0.058490084374999994 0.7518927093750001 0.071677953125 0.727808525 0.13395977812499998 0.9755905296874999 0.20963157500000001 0.9795323343750001 0.09636071093750001 0.9259310624999999 0.058490084374999994
1 0.10343068124999999 1 0.21228386875 0.9949041484375 0.40067351718750005 0.9077411421875 0.417554515625 0.8529559093750001 0.414896965625 0.8022468343750001 0.3318800328125 0.8126992625 0.0374483609375 0.8769433375 0.030594921874999997 1 0.10343068124999999 1
1 0.4643473828125 0.640789528125 0.37603645625 0.582579590625 0.1625233140625 0.56732776875 0.0401930203125 0.610351671875 0.030168617187500003 0.6800304671874999 0.1642771703125 0.7167313984375 0.43674663437500005 0.7553350203125 0.47654253593749996 0.7318948046875 0.4643473828125 0.640789528125
1 1 0.4979705359375 0.9996237593749999 0.47972793124999996 0.922042603125 0.44819833750000004 0.8310251624999999 0.45093357031250003 0.7863393828125 0.4970073859375 1 0.6681645171875 1 0.4979705359375
1 0.0368762453125 0.17017000468750001 0.0010945015625 0.24120135468749998 0.0503513734375 0.282349175 0.12334404375000001 0.3415782046875 0.21335337812500002 0.3775380953125 0.3176905734375 0.3680031078125 0.3309041453125 0.24323924375 0.2226868328125 0.1787371703125 0.0368762453125 0.17017000468750001
1 0.7368698171875 0.45180113593750004 0.6849533234375 0.4179117921875 0.4743949890625 0.429961409375 0.327153590625 0.490561146875 0.423645653125 0.5922878875 0.66932228125 0.5834820984375 0.7368698171875 0.45180113593750004