1 0.1925372625 0.7261198656250001 0.3612228328125 0.9603518609374999 0.5129155859375001 0.9910529203125 0.548878325 0.9136129359374999 0.4235672703125 0.695513096875 0.43058321875 0.561640815625 0.3352840984375 0.5535942171875 0.24607401874999998 0.632310534375 0.1925372625 0.7261198656250001
1 0.115972909375 0.0997129953125 0.18697548125000002 0.2814059875 0.3875941421875 0.3671777703125 0.4918781640625 0.377727365625 0.5214625890625 0.306054803125 0.448548546875 0.218841921875 0.2988325265625 0.118450140625 0.143244165625 0.0431747796875 0.115972909375 0.0997129953125
1 0.4379981359375 0.6553813500000001 0.5310404609375 0.761147759375 0.6378481593750001 0.8104772468749999 0.7865246531250001 0.7277556734374999 0.74534470625 0.5567794968750001 0.5997530546875 0.5227077921875 0.45644497343749996 0.5029939421875 0.42074809999999996 0.5753608890625 0.4379981359375 0.6553813500000001
1 1 0.23696636249999997 0.8545696296875 0.183167865625 0.62287426875 0.19746679843749998 0.5839096234375 0.2637503859375 0.655094934375 0.336447565625 0.9820362406250001 0.3312098390625 1 0.2593042890625 1 0.23696636249999997
1 0 0.6197705921875001 0.1197255875 0.6368775609374999 0.29543916875 0.6471037140625 0.445523259375 0.624458140625 0.45985081406250006 0.5540207875000001 0.17900476406250002 0.49150342968749994 0.0061378765625 0.51396973125 0 0.5780806796875 0 0.6197705921875001
1 0.7003567984375 1 0.741734653125 0.9735537359374999 0.74133693125 0.89420818125 0.6818706296875 0.78227321875 0.6592726953125 0.7495630390625 0.4446983859375 0.611194125 0.3991110109375 0.6403308640625001 0.39110859531250003 0.7060154015625 0.4057295984375 0.7749203703124999 0.4750036015625 0.84465479375 0.550315378125 0.944199396875 0.5515654999999999 0.9493492140625 0.5516186734375 0.9483346062500001 0.551809721875 0.9487238046875 0.60236400625 0.99472331875 0.6644770640625 1 0.7003567984375 1
1 0 0.8680465015625 0.0302518796875 0.894569359375 0.2047153390625 0.8996456953124999 0.2351778125 0.840222540625 0 0.7404802609375001 0 0.8680465015625
1 1 0.047285746875 0.8378715625 0.037881514062499996 0.641402915625 0.1048749515625 0.6188877781250001 0.15759551875 0.616230228125 0.2083045953125 0.6998849625 0.20658705781250003 0.9994190406250001 0.173471409375 1 0.1698795734375 1 0.047285746875
1 0.550173821875 0.3637084453125 0.6319163765625 0.4308305078125 0.8426656203125 0.4683169796875 0.9688230000000001 0.4383157640625 0.98607590625 0.3700665109375 0.8565383046875 0.3195484703125 0.589596634375 0.252675509375 0.5475685703125001 0.2718275109375 0.550173821875 0.3637084453125
1 0.0748546421875 0.5074024234375 0.16565939062499999 0.5141960875 0.21491640156249997 0.4730456046875 0.017066343749999997 0.2772759703125 0.0009942234375 0.4679361125 0.0748546421875 0.5074024234375
1 0.9261100921875001 0.8764327671875 0.9691206171875001 0.8095307437500001 0.9244346984374999 0.763459590625 0.8580330093749999 0.6969252125 0.7722755875 0.6517537765625 0.667513284375 0.6503303234375 0.6413307234375 0.7730295234375 0.74221290625 0.8484900375000001 0.9261100921875001 0.8764327671875
1 0.25938962656250003 0.5231751874999999 0.3074793171875 0.562305634375 0.5181437171875001 0.5723313640625001 0.6709129093749999 0.527454515625 0.5855827812500001 0.416198878125 0.3403315390625 0.3992762265625 0.25938962656250003 0.5231751874999999