1 0.3007546671875 0.4339043828125 0.43481066718749994 0.4339043828125 0.43785866718750005 0.338314740625 0.3545813328125 0.2533466140625 0.25809866718749996 0.204792828125 0.033016000000000004 0.3855059765625 0.010296 0.538597609375 0.08951200000000001 0.5704581671875 0.3007546671875 0.4339043828125
1 0.6948026671875 0.5112828687500001 0.77808 0.4339043828125 0.8704986671875 0.27913944218750003 0.937528 0.1198247015625 0.87964 0.09554980156250001 0.701912 0.17596414375 0.6267573328125 0.38079681249999997 0.62168 0.4854900390625 0.6948026671875 0.5112828687500001
1 0.45613866718749996 0.7479800796875 0.48254400000000003 0.60080478125 0.49473066718750003 0.45666135468749997 0.4205946671875 0.42480079687499994 0.34158666718749997 0.44621513906250004 0.2408346671875 0.5446653390625 0.1971626671875 0.6539083671875 0.287552 0.7980517921875 0.45613866718749996 0.7479800796875
1 0.8349546671875 0.8375019921875 0.8085493328125001 0.606872509375 0.7403173328125 0.571430278125 0.6714453328125 0.6463227093749999 0.6937866671874999 0.9725418328125001 0.7872213328125001 0.9907490046874999 0.8349546671875 0.8375019921875
1 0.46020266718749997 0.0075458171875 0.3545813328125 0.00299203125 0.343408 0.1274103578125 0.342392 0.3034183265625 0.3728613328125 0.45211155312500007 0.443952 0.46273306718749996 0.4916853328125 0.179 0.46020266718749997 0.0075458171875
1 0.1189626671875 0.76163745 0.227632 0.696394421875 0.2591146671875 0.6721155375000001 0.386064 0.45059362500000005 0.3545813328125 0.406593625 0.288568 0.402039840625 0.22052266718750002 0.42024701249999996 0.1545093328125 0.49307569687499997 0.059042667187499995 0.5734940234375 0.0539653328125 0.5750119515625001 0.05498133281249999 0.5750119515625001 0.054602667187499995 0.5752231078125 0.011312 0.6281155375 0.008264 0.7221872515625 0.0397466671875 0.7661872515625 0.1189626671875 0.76163745
1 0.085448 0.22603585625 0.14638400000000001 0.2533466140625 0.23492000000000002 0.0098645421875 0.1220106671875 0 0.0813866671875 0.051545817187499995 0.085448 0.22603585625
1 0.901984 0.62052988125 0.8481573328125 0.60080478125 0.7973786671875 0.60080478125 0.803472 0.6842549796874999 0.8522186671875 0.98164541875 0.978152 0.9952988046875 0.9791679999999999 0.8132231078125001 0.901984 0.62052988125
1 0.6551946671875 0.9786095625 0.698864 0.846605578125 0.7516746671875 0.57652988125 0.7303493328124999 0.535561753125 0.6387306671874999 0.5429721109375001 0.5759786671875 0.6281155375 0.5495733328125 0.8405378484374999 0.586136 0.9649521906249999 0.6551946671875 0.9786095625
1 0.4683253328125 0.1668605578125 0.5119973328125 0.2138964140625 0.697144 0.0060717125 0.505904 0 0.4703573328125 0.0758247015625 0.4683253328125 0.1668605578125
1 0.362704 0.7798446218749999 0.3586426671875 0.67515139375 0.2347413328125 0.6554262953125 0.164664 0.760119521875 0.14638400000000001 0.9452270921875 0.21544533281249997 0.9846772906249999 0.2591146671875 0.9376414343749999 0.3220826671875 0.8678486062499999 0.362704 0.7798446218749999
1 0.4287173328125 0.5219043828125 0.48152799999999996 0.6721155375000001 0.5881653328125 0.58107968125 0.5922293328125 0.335278884375 0.464264 0.2609322703125 0.42770400000000003 0.311003984375 0.4287173328125 0.5219043828125