7 0.47442994531249993 0.578477940625 0.43892582343750003 0.41850490156250003 0.383559065625 0.40384558750000005 0.30114148281249997 0.67204656875 0.3172019234375 0.9557745093750001 0.463440934375 0.9497377453125001 0.47442994531249993 0.578477940625
7 0.5986895609375 0.5814950984375 0.5547335171875 0.3747377453125 0.4997884609375 0.3548259796875 0.46175 0.626772059375 0.45836813125000003 0.9421911765625 0.5944629124999999 0.9437009796875 0.5986895609375 0.5814950984375
7 0.7068887359375 0.653936275 0.6502541203125001 0.4019044125 0.61136950625 0.3853014703125 0.5741758234375001 0.6116789218750001 0.5902362640625001 0.9331348046875 0.6899835171875 0.9225710781249999 0.7068887359375 0.653936275
7 0.8286140109375 0.6177156859374999 0.7322486265625 0.37926470624999997 0.7047760984375 0.3981911765625 0.6781483515625 0.5573480390625 0.700972528125 0.9497377453125001 0.8370673078124999 0.9421911765625 0.8286140109375 0.6177156859374999
7 0.9452664828125 0.552821078125 0.8869395609374999 0.4094485296875 0.82311950625 0.40573039218750007 0.7998736265625 0.5633848046875001 0.8125521984375 0.961811275 0.9461112640625 0.919553921875 0.9452664828125 0.552821078125
7 0.3315728015625 0.5875318625 0.25887637343750003 0.39435784375 0.214497253125 0.38310784375 0.16335576875 0.6328088234375 0.159975275 0.9512450984375 0.3197376375 0.9587916671875 0.3315728015625 0.5875318625
7 0.21322939531250001 0.5150931375 0.1506758234375 0.386811275 0.038038460937500004 0.384992646875 0 0.9497377453125001 0.1675824171875 0.9361544125 0.21322939531250001 0.5150931375
7 0.8818681312500001 0.0034779406249999998 0.8199491765625 0.004147059375 0.778740384375 0.1951446078125 0.7922651093749999 0.421522059375 0.9199065937500001 0.432085784375 0.8818681312500001 0.0034779406249999998
7 0.4473791203125 0.11213970625 0.41018543906250005 0 0.3719354390625 0.0060343140625 0.3341085171875 0.1287401953125 0.3163571421875 0.406431371875 0.43216346093749997 0.4200122546875 0.4473791203125 0.11213970625
7 0.5893914828125 0.0910122546875 0.5682582421875 0.0034779406249999998 0.5188076921875 0.009803921875 0.48457280156250004 0.2117450984375 0.490490384375 0.41548529375000004 0.5843200546875 0.421522059375 0.5893914828125 0.0910122546875
7 0.2791634609375 0.1679803921875 0.25887637343750003 0.0049877453125 0.18491071406249998 0.0022622546875 0.15152197812499998 0.223818628125 0.1456043953125 0.43057843125 0.2487321421875 0.4260490203125 0.2791634609375 0.1679803921875
7 0.43744780156249996 0 0.416103021875 0.42303186249999997 0.4938708796875 0.432085784375 0.5090865390625 0.16194362812500002 0.480346153125 0.0019705875 0.43808104375 0 0.43744780156249996 0
7 0.738166209375 0.054791667187500004 0.7077348906250001 0.0019705875 0.6825865390625 0 0.6418008234375 0.1287401953125 0.6595521984375 0.3913382359375 0.748309065625 0.326443628125 0.738166209375 0.054791667187500004
7 0.179416209375 0.11515931406249999 0.1354601640625 0.008007353125 0.0655109890625 0.004147059375 0.0306428578125 0.223818628125 0.04163186875 0.3913382359375 0.178571428125 0.429068628125 0.179416209375 0.11515931406249999