7 0.9258983687500001 0.74445065 0.940272890625 0.598794671875 0.574155534375 0.5362432265625 0.4107981234375 0.54913788125 0.388575909375 0.60192563125 0.6426964671875 0.7208674937499999 0.9258983687500001 0.74445065
7 0.9320937656250001 0.602767828125 0.9525296093750001 0.46820763593750003 0.5944369265625 0.4136128046875 0.383574221875 0.428366009375 0.3562093625 0.4800051625 0.6202149515625 0.5555210140625 0.9320937656250001 0.602767828125
7 0.9414780265625 0.4709226234375 0.944899240625 0.3706759171875 0.6812315250000001 0.3165484796875 0.423770403125 0.337555875 0.4019173484375 0.373751384375 0.62091535 0.442088753125 0.9414780265625 0.4709226234375
7 0.9733308984375 0.36357471874999997 0.9847985046875 0.227754125 0.6623043156249999 0.1909668953125 0.41276245468750006 0.2532084953125 0.427681296875 0.28304771875 0.581583390625 0.3315666796875 0.9733308984375 0.36357471874999997
7 1 0.249915765625 0.9775575406250001 0.11662087968749998 0.61427614375 0.06641809374999999 0.4641813484375 0.1042237796875 0.45161736093749993 0.1669052765625 0.6045022906249999 0.2118661828125 1 0.2546729453125 1 0.249915765625
7 0.8995313171875001 0.8995168078125 0.9292390656249999 0.7423595203125 0.5632394734374999 0.6789701578125 0.3618280234375 0.72407448125 0.344511128125 0.7664560093749999 0.584664515625 0.8518514484375 0.8995313171875001 0.8995168078125
7 0.8791695671875001 1 0.8856462015625001 0.8898834796875 0.4750354984375 0.78608033125 0.339296290625 0.8301717515625 0.3218192703125 0.9414598312500001 0.6007377593750001 1 0.8791695671875001 1
7 0.49118642343749996 0.0747280765625 0.06145583125 0.052745668749999995 0.0535009859375 0.1141551546875 0.236904603125 0.181544628125 0.46296124218749996 0.19965717656249998 0.49118642343749996 0.0747280765625
7 0 0.561346846875 0.1092656375 0.612607659375 0.3817838296875 0.668833421875 0.41134966874999995 0.556044215625 0.108590925 0.4981290578125 0 0.5179598609375 0 0.561346846875
7 0.41498430312499995 0.49765489531249996 0.434020884375 0.40557852343749995 0.1074333859375 0.3545583765625 0.0178097703125 0.363303528125 0.0171920015625 0.413153234375 0.212403325 0.4751597328125 0.41498430312499995 0.49765489531249996
7 0 0.7536846140625 0.1780076390625 0.8066496390625 0.3819317015625 0.8412850359374999 0.3917989796875 0.7385305484375 0.14047707812500002 0.672479175 0 0.6702598890625 0 0.7536846140625
7 0 0.4930954890625 0.41210470781249997 0.5723686046875 0.43189371249999997 0.49661764062499997 0.166498171875 0.4439535375 0.0040820890625000005 0.4501502796875 0 0.47181744062500003 0 0.4930954890625
7 0.4146010984375 0.3268777578125 0.36269060937500003 0.2299530828125 0.092270734375 0.2021905828125 0.035728484375 0.22497447343750002 0.0302771 0.2496038296875 0.15208813125 0.30790979375 0.4146010984375 0.3268777578125
7 0 0.8770141671875 0.1611845171875 0.9263523734374999 0.3286032109375 0.9387845296874999 0.385024715625 0.8084287124999999 0.0742879171875 0.7639044203124999 0 0.78284638125 0 0.8770141671875