7 0.6175875468750001 0.02322048125 0.473611878125 0.0495510328125 0.5143991906250001 0.4187271375 0.5718217328125 0.5722021109375001 0.628689846875 0.5790131984375 0.6729789859374999 0.3019520203125 0.6175875468750001 0.02322048125
7 0.47968559375000003 0.05631816093749999 0.344705153125 0.073763784375 0.390928953125 0.43303293906249996 0.4632322828125 0.63166064375 0.5204137984375 0.64373175625 0.5202344937500001 0.36913830625 0.47968559375000003 0.05631816093749999
7 0.3503611953125 0.08363889375 0.25305486250000003 0.10798195 0.2737009015625 0.37635516875 0.36486040937499997 0.618052259375 0.405677284375 0.62908193125 0.4110033484375 0.399731209375 0.3503611953125 0.08363889375
7 0.2383919265625 0.08260904218750001 0.104671890625 0.10902289999999999 0.15820118125 0.4291641453125 0.28681470625 0.6518830671875 0.31138581875 0.6293173515625 0.315604071875 0.46800352656250005 0.2383919265625 0.08260904218750001
7 0 0.1477381 0.051715546875 0.509662090625 0.1294284375 0.6435218078125 0.1931448640625 0.6383217265625001 0.1942232625 0.47896639375000005 0.12621783125 0.0861819 0 0.1465391515625 0 0.1477381
7 0.7739144484375 0.005824092187499999 0.614656603125 0.0205855890625 0.6546059953125 0.38987945625 0.753479575 0.57105613125 0.798992496875 0.5760202671875 0.8148846171875 0.321631840625 0.7739144484375 0.005824092187499999
7 0.8658571374999999 0 0.76848155625 0.0218266265625 0.7818792140624999 0.44514299375000005 0.861677403125 0.5634706515625 0.973471690625 0.5495954890625 0.933626321875 0 0.8658571374999999 0
7 0.2547695421875 1 0.26639996875 0.8406817234374999 0.2215012125 0.618389640625 0.093631740625 0.6256929812500001 0.1805404859375 1 0.2547695421875 1
7 0.69487789375 0.567099878125 0.5783085015625 0.5697682890625 0.606088496875 0.876762253125 0.6585270421875 0.9826342640625001 0.69556498125 0.9713353031249999 0.7159464171875001 0.8445590984375 0.69487789375 0.567099878125
7 0.5058601781250001 1 0.5495974515625 0.9880430484374999 0.555394390625 0.7833025734375 0.5211792421875 0.5823687328125 0.4274225609375 0.5894492828125 0.4683985625 0.9174483953125 0.5010381875000001 1 0.5058601781250001 1
7 0.860608265625 0.519423628125 0.7591145234375001 0.5382615671875 0.764895571875 0.798053909375 0.80766941875 0.95663690625 0.8812945640625 0.9490418421875001 0.883523675 0.7249948265625 0.860608265625 0.519423628125
7 0.5155213046875 0.5664002703125 0.53805024375 0.8360310328124999 0.588774875 0.9904473375 0.630902915625 0.9865165812500001 0.6315299953125 0.9864284515625 0.5937923921875 0.5645428859375 0.5155213046875 0.5664002703125
7 0.39224396875 1 0.41124855 0.887381590625 0.357123346875 0.62980965 0.2782618390625 0.7064252765625 0.3261126328125 0.9740219265625001 0.34637035625 1 0.39224396875 1
7 1 0.6926643953125 0.9690301187499999 0.5438117609375 0.828172190625 0.5255068609375 0.8710233625000001 0.8364788031250001 0.9294643015625 0.93647046875 0.9992699843749999 0.9305581515625001 1 0.8895247484375 1 0.6926643953125