3 0.87734375 0.2734375 0.2453125 0.128125
3 0.65078125 0.25546875 0.2375 0.0984375
3 0.41171875 0.22890625 0.234375 0.1109375
3 0.8765625 0.3953125 0.2375 0.1234375
3 0.86953125 0.51875 0.24375 0.10625
3 0.8640625 0.62734375 0.234375 0.109375
3 0.84375 0.74921875 0.2484375 0.1125
3 0.84296875 0.86953125 0.2515625 0.1375
3 0.63203125 0.36171875 0.2140625 0.1125
3 0.62734375 0.4734375 0.228125 0.0890625
3 0.60234375 0.60390625 0.240625 0.115625
3 0.60390625 0.7265625 0.225 0.1140625
3 0.5953125 0.83984375 0.24375 0.10625
3 0.4046875 0.34296875 0.228125 0.1140625
3 0.3953125 0.4609375 0.2015625 0.10625
3 0.37421875 0.5859375 0.2109375 0.1203125
3 0.37265625 0.70078125 0.215625 0.0984375
3 0.35 0.83203125 0.2359375 0.1546875
3 0.13828125 0.68671875 0.1921875 0.0828125
3 0.09921875 0.8765625 0.1359375 0.1109375