3 0.26015625 0.12578125 0.11953125 0.25078125
3 0.25 0.3578125 0.09140625 0.234375
3 0.23203125 0.59765625 0.10390625 0.23046875
3 0.38203125 0.12734375 0.115625 0.23515625
3 0.50546875 0.1296875 0.0984375 0.23984375
3 0.61484375 0.13203125 0.10078125 0.23203125
3 0.73671875 0.14765625 0.10390625 0.2453125
3 0.85703125 0.14453125 0.12890625 0.24609375
3 0.35703125 0.37265625 0.1046875 0.2109375
3 0.46875 0.3734375 0.08046875 0.22421875
3 0.6 0.39375 0.1078125 0.23828125
3 0.72265625 0.38828125 0.10703125 0.22265625
3 0.8359375 0.39296875 0.0984375 0.240625
3 0.34609375 0.60078125 0.10703125 0.225
3 0.46484375 0.60625 0.10078125 0.1984375
3 0.590625 0.62265625 0.11171875 0.2078125
3 0.70546875 0.6203125 0.08984375 0.21171875
3 0.83671875 0.63828125 0.14765625 0.23203125
3 0.69921875 0.8546875 0.0765625 0.1890625
3 0.890625 0.8875 0.10703125 0.1328125