3 0.1125 0.67734375 0.225 0.1578125
3 0.3203125 0.725 0.2453125 0.1265625
3 0.5546875 0.7796875 0.2453125 0.1375
3 0.11875 0.55859375 0.2375 0.1515625
3 0.13515625 0.43671875 0.253125 0.134375
3 0.1546875 0.32890625 0.24375 0.134375
3 0.1890625 0.2109375 0.2578125 0.140625
3 0.2046875 0.09140625 0.2640625 0.165625
3 0.3515625 0.62109375 0.225 0.1359375
3 0.3703125 0.5109375 0.234375 0.115625
3 0.4109375 0.384375 0.2515625 0.14375
3 0.42421875 0.2625 0.2359375 0.1390625
3 0.446875 0.1515625 0.253125 0.134375
3 0.57578125 0.66796875 0.2390625 0.140625
3 0.59921875 0.5515625 0.2109375 0.1296875
3 0.63515625 0.4296875 0.2234375 0.14375
3 0.65078125 0.315625 0.2234375 0.1234375
3 0.6890625 0.1890625 0.2515625 0.18125
3 0.88125 0.35859375 0.1984375 0.1046875
3 0.934375 0.175 0.13125 0.125